290, 0
290, 1
289, 2
290, 3
290, 4
291, 5
290, 6
289, 7
290, 8
289, 9
288, 10
287, 11
286, 12
285, 13
284, 14
284, 15
285, 16
286, 17
287, 18
288, 19
289, 20
290, 21
291, 22
292, 23
293, 24
294, 25
295, 26
296, 27
297, 28
297, 29
297, 30
298, 31
299, 32
300, 33
300, 34
299, 35
300, 36
299, 37
300, 38
299, 39
298, 40
299, 41
299, 42
300, 43
300, 44
301, 45
302, 46
303, 47
304, 48
305, 49
306, 50
307, 51
308, 52
309, 53
310, 54
311, 55
312, 56
313, 57
314, 58
315, 59
316, 60
317, 61
318, 62
319, 63
320, 64
321, 65
322, 66
323, 67
324, 68
325, 69
326, 70
327, 71
328, 72
329, 73
330, 74
331, 75
332, 76
333, 77
334, 78
335, 79
336, 80
337, 81
338, 82
339, 83
340, 84
341, 85
342, 86
343, 87
344, 88
345, 89
346, 90
347, 91
348, 92
349, 93
350, 94
351, 95
352, 96
353, 97
354, 98
355, 99
356, 100
357, 101
358, 102
359, 103
360, 104
361, 105
362, 106
363, 107
364, 108
365, 109
366, 110
367, 111
368, 112
369, 113
370, 114
371, 115
372, 116
373, 117
374, 118
375, 119
376, 120
377, 121
378, 122
379, 123
380, 124
381, 125
382, 126
383, 127
384, 128
385, 129
386, 130
387, 131
388, 132
389, 133
390, 134
391, 135
392, 136
393, 137
394, 138
395, 139
396, 140
397, 141
398, 142
399, 143
400, 144
400, 145
399, 146
398, 147
399, 148
400, 149
401, 150
400, 151
401, 152
402, 153
403, 154
404, 155
405, 156
405, 157
406, 158
407, 159
407, 160
407, 161
407, 162
406, 163
407, 164
406, 165
405, 166
405, 167
406, 168
407, 169
406, 170
407, 171
406, 172
405, 173
404, 174
403, 175
404, 176
403, 177
404, 178
405, 179
404, 180
405, 181
406, 182
407, 183
406, 184
405, 185
406, 186
407, 187
406, 188
406, 189
405, 190
404, 191
403, 192
403, 193
403, 194
402, 195
402, 196
403, 197
402, 198
401, 199
400, 200
399, 201
398, 202
398, 203
397, 204
396, 205
395, 206
394, 207
393, 208
392, 209
393, 210
392, 211
391, 212
391, 213
390, 214
389, 215
388, 216
387, 217
386, 218
385, 219
384, 220
383, 221
382, 222
381, 223
380, 224
379, 225
378, 226
377, 227
376, 228
375, 229
374, 230
373, 231
372, 232
371, 233
370, 234
369, 235
368, 236
367, 237
368, 238
367, 239
366, 240
365, 241
366, 242
365, 243
364, 244
363, 245
362, 246
361, 247
360, 248
359, 249
360, 250
359, 251
358, 252
358, 253
357, 254
356, 255
355, 256
354, 257
353, 258
352, 259
351, 260
350, 261
349, 262
348, 263
347, 264
346, 265
345, 266
344, 267
343, 268
342, 269
341, 270
340, 271
339, 272
338, 273
337, 274
336, 275
335, 276
334, 277
333, 278
332, 279
331, 280
330, 281
329, 282
328, 283
327, 284
326, 285
325, 286
324, 287
323, 288
322, 289
321, 290
320, 291
319, 292
318, 293
317, 294
316, 295
315, 296
314, 297
313, 298
312, 299
311, 300
310, 299
309, 300
308, 301
307, 302
306, 301
305, 300
304, 299
303, 298
302, 298
301, 297
300, 296
299, 295
298, 294
297, 293
296, 292
295, 292
294, 291
293, 291
292, 291
291, 292
290, 292
289, 292
288, 293
287, 293
286, 293
285, 292
284, 292
283, 291
282, 290
281, 290
280, 291
279, 291
278, 290
277, 289
276, 288
275, 287
274, 286
273, 285
272, 284
271, 283
270, 282
269, 281
268, 280
267, 280
266, 280
265, 279
264, 278
263, 278
262, 279
261, 280
260, 281
259, 282
258, 283
257, 282
256, 282
255, 283
254, 284
253, 285
252, 286
251, 287
250, 288
249, 289
248, 290
247, 291
246, 292
245, 292
244, 293
243, 294
242, 295
241, 296
240, 297
239, 296
238, 297
237, 298
236, 299
235, 298
234, 298
233, 297
232, 298
231, 297
230, 298
229, 299
228, 300
227, 301
226, 302
225, 303
224, 304
223, 305
222, 306
221, 307
220, 306
219, 307
218, 308
217, 309
216, 308
215, 309
214, 310
213, 311
212, 310
211, 309
210, 310
209, 311
208, 312
207, 313
206, 314
205, 315
204, 316
203, 317
202, 318
201, 319
200, 320
199, 321
198, 322
197, 323
196, 324
195, 325
194, 326
193, 327
192, 328
191, 329
190, 330
189, 329
188, 330
187, 331
186, 332
185, 333
184, 333
183, 334
182, 335
181, 336
180, 336
179, 335
178, 335
177, 336
176, 337
175, 336
174, 337
173, 336
172, 337
171, 338
170, 339
169, 340
168, 341
167, 342
166, 343
165, 344
164, 345
163, 344
162, 343
161, 344
160, 343
159, 343
158, 344
157, 345
156, 346
155, 347
154, 348
153, 349
152, 349
151, 350
150, 351
149, 352
148, 353
147, 354
146, 355
146, 356
147, 357
146, 358
145, 359
146, 360
146, 361
147, 362
147, 363
146, 364
145, 365
145, 366
145, 367
144, 368
143, 369
142, 370
141, 371
140, 372
140, 373
140, 374
140, 375
139, 376
138, 377
137, 378
136, 379
135, 380
136, 381
137, 382
138, 383
139, 384
140, 385
139, 386
138, 387
137, 388
136, 389
135, 390
134, 391
133, 392
132, 393
133, 394
132, 395
131, 396
130, 397
129, 398
128, 399
127, 400
126, 401
125, 402
124, 403
123, 404
123, 405
122, 406
121, 407
120, 408
119, 409
118, 410
117, 411
118, 412
117, 413
116, 414
115, 415
114, 416
113, 417
112, 418
111, 419
110, 420
109, 421
108, 422
107, 423
106, 424
105, 425
104, 426
103, 427
102, 428
101, 429
100, 429
99, 428
98, 427
97, 428
96, 429
95, 428
94, 428
93, 427
92, 427
91, 426
90, 425
89, 426
88, 427
87, 428
86, 429
85, 428
84, 427
83, 426
82, 425
81, 424
80, 423
79, 422
78, 421
77, 420
76, 419
75, 418
74, 417
73, 416
72, 415
71, 414
70, 413
69, 412
68, 411
67, 410
66, 409
65, 408
64, 407
63, 406
62, 405
61, 404
60, 403
59, 402
58, 401
57, 400
56, 399
55, 398
54, 397
53, 396
52, 395
51, 394
50, 393
49, 392
48, 391
47, 390
46, 389
45, 388
44, 387
43, 386
42, 385
41, 386
40, 387
39, 388
38, 389
37, 390
36, 389
35, 389
34, 390
33, 391
32, 392
31, 391
30, 391
29, 390
28, 389
27, 390
26, 391
25, 392
24, 393
23, 394
22, 395
21, 396
20, 396
19, 397
18, 398
17, 397
16, 396
15, 397
14, 398
13, 397
12, 398
11, 399
10, 398
9, 397
8, 398
7, 399
6, 398
5, 397
4, 398
3, 399
2, 400
1, 401
0, 401
